RA ,DEC ,D ,AbsBMag
124.8471 ,-85.1456 ,    6.70 ,   -14.8
184.6921 ,-79.7261 ,    2.27 ,   -14.8
141.5479 ,-76.6264 ,    3.78 ,   -16.1
 13.1583 ,-72.8003 ,    0.06 ,   -16.5
 80.8942 ,-69.7561 ,    0.05 ,   -17.9
313.0258 ,-69.2039 ,    6.03 ,   -18.1
112.8304 ,-68.1861 ,    4.57 ,   -15.0
277.1583 ,-66.9822 ,    7.94 ,   -17.4
 49.5642 ,-66.4975 ,    4.07 ,   -19.0
294.4067 ,-65.8119 ,    7.30 ,   -15.3
213.2887 ,-65.3392 ,    4.20 ,   -20.7
282.2412 ,-65.1733 ,    8.70 ,   -18.7
266.7763 ,-64.6403 ,    2.44 ,   -15.5
287.4413 ,-63.8578 ,    8.30 ,   -21.0
302.3825 ,-61.8506 ,    9.80 ,   -16.4
 39.4375 ,-61.3411 ,    4.99 ,   -15.5
245.2471 ,-60.4875 ,    6.40 ,   -18.1
 62.4658 ,-56.1183 ,   19.40 ,   -19.9
 62.2254 ,-55.9922 ,   19.20 ,   -16.5
 44.2100 ,-54.5731 ,    5.55 ,   -16.3
324.1192 ,-54.5572 ,    6.70 ,   -18.6
 73.5571 ,-53.3614 ,    5.11 ,   -15.9
 50.0308 ,-52.1850 ,    5.20 ,   -15.3
330.6746 ,-51.2953 ,    1.97 ,   -15.6
 53.2992 ,-50.4106 ,    6.05 ,   -16.0
196.3587 ,-49.4711 ,    3.80 ,   -20.5
224.6262 ,-47.6986 ,    9.90 ,   -18.6
197.6371 ,-46.9908 ,    3.80 ,   -15.1
228.5563 ,-46.8125 ,    3.09 ,   -17.6
335.2392 ,-46.0342 ,    8.80 ,   -18.8
203.6971 ,-45.5475 ,    3.60 ,   -17.1
 26.2650 ,-43.5981 ,    4.43 ,   -15.6
204.4121 ,-42.8475 ,    3.40 ,   -14.9
201.9058 ,-41.4806 ,    3.73 ,   -15.5
 23.7708 ,-41.4364 ,    3.89 ,   -16.4
210.8396 ,-41.3764 ,    4.81 ,   -16.5
 49.3275 ,-41.1081 ,    8.80 ,   -20.4
 47.4075 ,-41.0306 ,    9.80 ,   -17.1
345.6967 ,-40.8350 ,   10.10 ,   -18.2
  3.7854 ,-39.2203 ,    2.13 ,   -18.4
161.9246 ,-38.8542 ,    6.50 ,   -14.4
354.0625 ,-37.9389 ,    7.80 ,   -18.4
 13.7229 ,-37.6825 ,    2.15 ,   -17.9
351.7337 ,-37.3469 ,    7.60 ,   -14.8
200.4908 ,-36.6297 ,    3.40 ,   -18.1
353.6146 ,-36.1017 ,    7.80 ,   -18.6
207.3283 ,-36.0614 ,    3.45 ,   -17.0
209.2567 ,-35.3339 ,    4.53 ,   -13.5
 91.8321 ,-34.2044 ,    7.40 ,   -15.5
 92.5396 ,-34.1061 ,    7.40 ,   -17.5
151.4233 , -7.9814 ,    9.70 ,   -16.6
 95.5575 , -7.8378 ,    8.40 ,   -17.8
150.6508 , -6.0119 ,    9.70 ,   -15.8
190.0538 , -5.7992 ,   10.10 ,   -17.8
192.1796 , -5.2539 ,    9.00 ,   -16.2
 70.3675 , -2.8581 ,    9.29 ,   -18.7
166.4525 , -0.0358 ,   10.70 ,   -21.2
188.1896 ,  0.1150 ,    9.70 ,   -20.2
187.7658 ,  1.6758 ,    9.60 ,   -14.4
159.8550 ,  1.7186 ,    7.00 ,   -15.1
190.0958 ,  3.1178 ,    7.35 ,   -15.8
193.3100 ,  4.4631 ,    9.70 ,   -16.8
 81.2479 ,  4.5050 ,    7.14 ,   -16.0
189.3713 ,  4.7514 ,    7.20 ,   -13.5
 86.2583 ,  5.0683 ,    6.46 ,   -17.0
143.6871 ,  6.4256 ,   13.00 ,   -15.6
 85.4229 ,  6.6817 ,    5.15 ,   -14.9
162.2817 ,  6.9172 ,   22.30 ,   -17.7
189.2625 ,  6.9267 ,    9.80 ,   -15.7
147.0246 ,  7.1292 ,   14.90 ,   -14.5
147.8217 ,  7.8272 ,    6.85 ,   -14.8
189.1458 ,  8.0547 ,    7.50 ,   -14.7
191.5188 ,  8.4764 ,    9.80 ,   -14.8
158.9533 ,  8.4797 ,   10.40 ,   -12.9
189.4217 ,  8.5592 ,    8.50 ,   -14.9
146.1829 ,  9.6153 ,    9.40 ,   -15.0
163.4279 ,  9.7281 ,   10.40 ,   -15.3
151.8321 , 10.3622 ,    5.60 ,   -15.1
159.5333 , 10.3808 ,   10.40 ,   -15.9
160.9904 , 11.7036 ,   10.05 ,   -19.8
161.6908 , 11.8197 ,   10.42 ,   -20.4
160.5012 , 12.3350 ,   10.40 ,   -14.5
191.1917 , 12.3514 ,    6.80 ,   -15.3
157.7204 , 12.4467 ,   10.43 ,   -11.6
160.2358 , 12.4719 ,   10.40 ,   -14.7
159.0992 , 12.7075 ,   10.40 ,   -17.0
168.6496 , 12.8186 ,   10.80 ,   -18.9
170.9067 , 12.8958 ,   10.30 ,   -13.3
170.0625 , 12.9914 ,   10.28 ,   -21.1
189.1813 , 13.2594 ,    7.60 ,   -16.4
170.8296 , 13.6297 ,   10.30 ,   -14.5
160.7183 , 13.7411 ,   10.40 ,   -12.8
 91.4392 ,-33.0817 ,    7.59 ,   -15.9
210.3425 ,-33.0644 ,    8.10 ,   -17.1
169.5671 ,-32.8117 ,    6.70 ,   -19.8
359.4558 ,-32.5900 ,    3.91 ,   -18.5
355.9417 ,-31.9592 ,    4.27 ,   -14.7
 76.6071 ,-31.9542 ,    8.00 ,   -16.5
204.9825 ,-31.6400 ,    3.56 ,   -17.1
205.4042 ,-29.9139 ,    4.53 ,   -15.9
204.2504 ,-29.8678 ,    4.92 ,   -20.6
266.4167 ,-29.0078 ,    0.01 ,   -19.1
126.3037 ,-28.1403 ,    7.40 ,   -15.2
  1.3825 ,-28.0981 ,    7.70 ,   -14.4
147.8500 ,-27.0111 ,    8.10 ,   -16.3
129.0633 ,-26.4094 ,    7.96 ,   -17.6
132.2750 ,-26.3200 ,    7.80 ,   -15.1
150.7800 ,-26.1600 ,    1.32 ,   -15.7
 74.9925 ,-26.0267 ,   10.00 ,   -18.8
 75.8321 ,-25.4231 ,   10.00 ,   -15.8
 11.8929 ,-25.2922 ,    3.94 ,   -21.3
  2.4850 ,-24.9633 ,    9.90 ,   -18.3
158.8467 ,-24.7542 ,    7.00 ,   -16.3
111.3417 ,-24.4753 ,    7.43 ,   -18.8
135.7629 ,-23.8083 ,   19.00 ,   -16.1
  3.5162 ,-23.1822 ,    9.20 ,   -18.5
 63.1713 ,-23.1589 ,    7.40 ,   -15.5
146.0838 ,-22.9161 ,    6.05 ,   -12.4
140.3646 ,-22.5006 ,   18.60 ,   -17.1
139.4704 ,-22.3553 ,   10.30 ,   -19.7
106.7367 ,-22.0406 ,    8.40 ,   -17.0
112.5346 ,-22.0169 ,    7.20 ,   -18.6
202.3375 ,-21.1792 ,    6.50 ,   -14.2
199.7304 ,-21.0392 ,    5.45 ,   -18.6
106.4375 ,-20.9917 ,    7.23 ,     0.0
 11.7846 ,-20.7600 ,    3.65 ,   -18.5
 81.7738 ,-20.6781 ,    5.07 ,   -14.1
114.0942 ,-19.4944 ,    7.35 ,   -16.7
138.3004 ,-19.4086 ,   21.90 ,   -16.8
179.7421 ,-19.0300 ,    8.50 ,   -15.6
101.4696 ,-18.2103 ,   10.00 ,   -18.9
101.7371 ,-17.9414 ,   10.00 ,   -15.7
101.1137 ,-17.9325 ,    9.90 ,   -16.7
195.8200 ,-17.4231 ,    7.30 ,   -16.4
196.9858 ,-16.6892 ,    7.90 ,   -15.1
  0.4921 ,-15.4611 ,    0.97 ,   -14.1
 99.5004 ,-15.0228 ,   10.80 ,   -18.3
143.8400 ,-13.8144 ,    7.30 ,   -12.9
193.4896 ,-12.1086 ,    8.00 ,   -15.2
189.9963 ,-11.6231 ,    9.30 ,   -21.8
192.2817 ,-11.4114 ,    7.30 ,   -17.1
194.6179 ,-10.5769 ,    8.70 ,   -15.2
149.1567 , -9.4864 ,    5.18 ,   -13.0
 95.2321 , -8.4956 ,    8.50 ,   -20.0
151.8446 , 38.9697 ,   18.40 ,   -15.8
188.5025 , 39.0194 ,    9.20 ,   -14.6
103.9167 , 39.0950 ,    7.24 ,   -13.5
134.7512 , 39.2100 ,   15.20 ,   -16.4
 97.6200 , 39.5039 ,   20.00 ,   -17.3
188.0017 , 39.8319 ,    6.90 ,   -14.8
189.0938 , 40.0053 ,   22.60 ,   -17.9
 38.4292 , 40.5281 ,    9.80 ,   -16.5
198.2158 , 40.5431 ,    8.33 ,   -14.7
150.9892 , 40.7569 ,   16.00 ,   -17.2
350.5275 , 40.8456 ,    7.90 ,   -19.2
352.4946 , 40.9903 ,    9.70 ,   -17.8
188.7992 , 41.0608 ,    7.90 ,   -13.1
192.7229 , 41.1194 ,    4.66 ,   -19.9
190.3867 , 41.1508 ,    7.90 ,   -18.3
154.0650 , 41.1664 ,   11.12 ,   -14.9
 10.6854 , 41.2692 ,    0.77 ,   -21.4
190.4696 , 41.2739 ,    7.90 ,   -16.5
351.1767 , 41.3481 ,    7.90 ,   -16.1
154.5708 , 41.4244 ,   11.12 ,   -20.0
187.6517 , 41.6436 ,    5.80 ,   -19.4
187.6300 , 41.7000 ,    5.80 ,   -16.7
198.9554 , 42.0292 ,    8.99 ,   -21.0
 35.6367 , 42.3467 ,    9.77 ,   -20.5
188.1121 , 42.7042 ,   11.20 ,   -17.3
187.5992 , 42.9014 ,    6.56 ,   -13.4
187.1842 , 43.2242 ,    8.90 ,   -16.2
183.8892 , 43.4342 ,   18.60 ,   -16.6
186.9242 , 43.4939 ,    2.74 ,   -14.3
198.0496 , 44.0386 ,    6.61 ,   -17.1
187.0467 , 44.0944 ,    4.21 ,   -18.3
192.3792 , 44.3592 ,    7.84 ,   -12.4
107.5567 , 44.4569 ,    7.87 ,   -16.5
216.1813 , 44.5258 ,    2.74 ,   -14.1
225.2887 , 44.6981 ,    7.40 ,   -15.1
187.1908 , 44.8644 ,    9.59 ,   -17.7
174.0267 , 45.2853 ,    3.03 ,   -13.1
184.3758 , 45.6194 ,    7.90 ,   -18.0
123.4954 , 45.7422 ,   12.20 ,   -18.3
185.3125 , 45.8114 ,    7.06 ,   -15.8
123.3113 , 45.9906 ,   12.20 ,   -18.4
185.1587 , 46.2917 ,    8.05 ,   -16.4
182.4971 , 46.4572 ,    7.24 ,   -17.7
184.5462 , 46.9169 ,    6.54 ,   -12.3
202.4696 , 47.2344 ,    8.40 ,   -21.4
202.4946 , 47.2681 ,    7.66 ,   -19.2
184.7396 , 47.3039 ,    7.83 ,   -21.2
184.4579 , 47.4092 ,    7.40 ,   -16.3
187.4708 , 47.5300 ,    7.14 ,   -15.2
145.0817 , 47.7772 ,    7.88 ,   -12.6
 53.0296 , 47.7936 ,    5.40 ,   -16.1
203.5121 , 47.9153 ,    8.00 ,   -15.6
123.1646 , 48.6125 ,   12.42 ,   -13.6
205.5838 , 48.6825 ,    7.44 ,   -13.1
123.6671 , 49.0617 ,   12.40 ,   -18.7
267.3650 , 70.1447 ,    5.27 ,   -18.3
287.1762 , 70.2839 ,    4.73 ,   -13.3
157.6458 , 70.6194 ,    4.00 ,   -14.7
124.7667 , 70.7142 ,    3.39 ,   -16.7
 68.2079 , 71.8811 ,    3.45 ,   -16.7
197.1425 , 78.9369 ,    1.99 ,   -11.9
165.0775 , 13.9011 ,   12.08 ,   -19.5
161.8429 , 14.0703 ,    7.73 ,   -15.2
169.8162 , 14.2903 ,   10.42 ,   -12.8
183.9846 , 14.4331 ,    9.10 ,   -14.9
298.0492 , 14.4733 ,    7.13 ,   -13.5
186.4458 , 14.9519 ,    7.90 ,   -14.1
159.2700 , 15.3375 ,   10.40 ,   -13.9
 24.1721 , 15.7867 ,    7.31 ,   -19.8
 16.8429 , 16.6839 ,    4.51 ,   -14.3
 22.1967 , 16.6881 ,    7.30 ,   -14.8
115.4792 , 16.8006 ,    8.05 ,   -16.1
156.2704 , 17.1636 ,    7.90 ,   -18.1
 51.0300 , 17.7542 ,    6.40 ,   -15.0
 23.1762 , 18.3158 ,    7.55 ,   -15.2
164.5092 , 19.5053 ,    7.37 ,   -13.9
183.8100 , 20.6586 ,    8.00 ,   -16.8
143.0400 , 21.5006 ,    8.87 ,   -20.9
194.1842 , 21.6847 ,    4.37 ,   -19.5
184.3917 , 22.5403 ,   17.20 ,   -18.4
157.0871 , 22.5714 ,   11.40 ,   -15.7
187.0121 , 22.5894 ,    9.20 ,   -13.7
187.1838 , 22.8225 ,    8.40 ,   -16.9
 31.0208 , 24.2078 ,    7.20 ,   -15.1
160.8758 , 24.9236 ,    6.85 ,   -18.9
203.1262 , 25.1236 ,    6.80 ,   -12.6
 44.9267 , 25.2375 ,    7.80 ,   -18.1
138.8575 , 25.4194 ,   21.70 ,   -13.2
191.7308 , 26.5642 ,   11.00 ,   -15.0
186.3246 , 26.7147 ,   12.80 ,   -15.5
157.2767 , 26.9106 ,   21.50 ,   -12.7
181.2158 , 26.9925 ,   15.00 ,   -17.5
155.9375 , 27.1108 ,   13.50 ,   -14.2
 26.8754 , 27.3311 ,    7.20 ,   -17.8
 26.9717 , 27.4336 ,    7.20 ,   -18.8
158.0712 , 27.6686 ,    7.98 ,   -16.7
 41.6621 , 27.7264 ,    8.56 ,   -13.1
186.5975 , 27.7456 ,   14.00 ,   -14.4
 33.5154 , 27.8772 ,    9.73 ,   -17.0
132.8004 , 27.8800 ,    6.10 ,   -11.9
188.9904 , 27.9597 ,    8.10 ,   -19.8
181.3925 , 28.2322 ,    6.74 ,   -12.5
178.8479 , 28.3400 ,    7.45 ,   -13.1
192.6133 , 28.3528 ,   20.40 ,   -15.4
181.3471 , 28.3656 ,    6.69 ,   -14.0
191.1587 , 28.4725 ,    9.90 ,   -15.2
124.8354 , 50.0097 ,   12.40 ,   -18.1
150.1062 , 50.3792 ,    7.97 ,   -12.5
120.4717 , 50.7372 ,   12.40 ,   -18.5
139.8921 , 51.1092 ,   20.60 ,   -16.6
116.8838 , 51.1914 ,    7.10 ,   -14.8
183.8483 , 51.3500 ,   12.90 ,   -16.0
142.2067 , 51.5606 ,   19.68 ,   -15.6
191.7350 , 51.6131 ,    8.90 ,   -15.2
140.8208 , 51.9731 ,    7.35 ,   -13.2
181.0100 , 52.5886 ,    4.31 ,   -15.1
139.0092 , 52.8400 ,    1.36 ,   -11.9
186.7192 , 53.1053 ,    5.35 ,   -12.6
168.3587 , 53.5950 ,    9.90 ,   -14.4
211.2587 , 53.6631 ,    7.20 ,   -17.9
208.6879 , 53.9047 ,    7.21 ,   -15.6
210.8033 , 54.3506 ,    7.38 ,   -21.1
211.3879 , 54.4608 ,    7.70 ,   -15.3
173.9525 , 54.5228 ,    4.90 ,   -16.7
167.8792 , 55.6739 ,    9.90 ,   -20.2
214.9512 , 56.7303 ,    5.70 ,   -17.8
312.7904 , 56.8900 ,    6.00 ,   -17.6
218.8525 , 57.2567 ,    8.02 ,   -15.1
315.8508 , 57.2872 ,    5.89 ,   -17.0
186.5337 , 58.3225 ,   10.50 ,   -15.7
202.4017 , 58.4178 ,    4.66 ,   -16.8
 44.2338 , 58.9117 ,    2.80 ,   -18.8
 40.4771 , 59.6031 ,    2.80 ,   -20.1
308.7129 , 60.1542 ,    5.89 ,   -20.8
190.0012 , 61.6081 ,    5.47 ,   -18.1
 78.5629 , 62.5808 ,    3.15 ,   -16.8
289.1742 , 63.9728 ,    3.63 ,   -14.3
153.2017 , 64.1075 ,    3.70 ,   -12.3
 67.7046 , 64.8481 ,    3.06 ,   -18.1
114.2142 , 65.5994 ,    3.18 ,   -19.2
149.7021 , 66.8497 ,    4.04 ,   -12.3
 59.9562 , 67.1253 ,    2.96 ,   -17.9
196.6117 , 67.7042 ,    4.57 ,   -15.1
146.8150 , 67.9136 ,    3.56 ,   -17.1
 56.7037 , 68.0958 ,    3.28 ,   -20.7
141.3004 , 68.3831 ,    8.24 ,   -14.9
157.0933 , 68.4161 ,    4.02 ,   -17.5
150.8375 , 68.7339 ,    3.82 ,   -17.6
148.8896 , 69.0667 ,    3.63 ,   -20.9
139.8275 , 69.2033 ,    7.48 ,   -18.5
184.1804 , 69.4656 ,    4.45 ,   -18.6
148.9746 , 69.6825 ,    3.53 ,   -19.6
 30.3200 , 28.8436 ,    4.97 ,   -16.5
185.8083 , 28.8939 ,   24.40 ,   -17.3
166.2438 , 29.1394 ,    8.02 ,   -14.0
151.1708 , 29.3664 ,    7.11 ,   -14.5
183.3446 , 29.9217 ,   17.30 ,   -15.7
182.3237 , 29.9275 ,    7.90 ,   -17.9
 23.4617 , 30.6603 ,    0.85 ,   -18.8
354.5604 , 30.7092 ,   12.20 ,   -16.0
181.3162 , 30.8556 ,   12.70 ,   -15.6
182.2992 , 30.9067 ,   16.80 ,   -14.6
180.0675 , 31.2250 ,   23.20 ,   -17.0
181.6438 , 31.3425 ,    7.43 ,   -13.6
178.9142 , 31.5194 ,   16.60 ,   -16.4
181.9583 , 31.5522 ,    7.37 ,   -11.9
188.2783 , 32.0917 ,   10.10 ,   -16.0
190.9900 , 32.1703 ,    5.40 ,   -18.2
184.3833 , 32.5325 ,    5.93 ,   -10.7
190.5333 , 32.5414 ,    7.38 ,   -20.3
 27.3846 , 32.5925 ,    4.94 ,   -16.1
191.7525 , 32.6514 ,   23.40 ,   -15.1
162.8363 , 32.7664 ,   12.02 ,   -17.5
180.7954 , 32.9561 ,    7.55 ,   -12.8
136.8954 , 33.2767 ,   20.30 ,   -17.3
133.1704 , 33.4172 ,    7.73 ,   -20.4
 38.3258 , 33.4911 ,    9.30 ,   -16.3
186.4575 , 33.5461 ,    4.61 ,   -17.8
 36.8167 , 33.5781 ,    9.29 ,   -19.9
141.5392 , 33.7178 ,   19.70 ,   -13.8
160.6746 , 34.4489 ,    8.11 ,   -15.9
194.7583 , 34.8603 ,    7.30 ,   -16.5
188.5229 , 35.5183 ,    9.80 ,   -16.9
183.7625 , 35.9586 ,    8.80 ,   -15.5
183.0371 , 36.1694 ,    2.94 ,   -13.8
183.9121 , 36.3275 ,    2.94 ,   -17.2
159.0733 , 36.4253 ,    8.10 ,   -12.6
182.4850 , 36.4353 ,    4.83 ,   -13.0
163.1296 , 36.6189 ,    9.20 ,   -19.0
183.4358 , 36.6333 ,    2.82 ,   -13.9
219.7725 , 36.8061 ,    9.20 ,   -13.5
196.4554 , 37.6058 ,    4.70 ,   -16.4
188.2000 , 37.6217 ,   14.50 ,   -18.0
184.3746 , 37.8075 ,    4.49 ,   -18.2
199.2704 , 37.9525 ,    5.04 ,   -13.0
185.2287 , 38.4303 ,    8.03 ,   -14.2
191.8858 ,-77.5836 ,    3.16 ,   -12.7
 50.2625 ,-66.3197 ,    3.98 ,   -11.8
283.9217 ,-64.8108 ,    6.70 ,   -13.9
287.8462 ,-64.2192 ,    8.30 ,   -14.8
286.7454 ,-63.9658 ,    8.30 ,   -12.1
288.0954 ,-63.8561 ,    8.30 ,   -11.9
287.1833 ,-63.7314 ,    8.30 ,   -14.7
220.4279 ,-62.7672 ,    6.02 ,   -14.1
106.3213 ,-58.5206 ,    4.90 ,   -14.0
 94.0383 ,-57.7653 ,    6.00 ,   -12.1
 93.9771 ,-57.7264 ,    6.05 ,   -13.8
206.9904 ,-53.3511 ,    3.60 ,   -15.7
358.0117 ,-52.5775 ,    5.90 ,   -13.9
231.5954 ,-51.1753 ,    5.68 ,    -9.3
218.7625 ,-49.4217 ,    5.80 ,   -13.6
 44.5171 ,-49.3825 ,    6.56 ,   -12.7
335.6254 ,-48.4050 ,    7.80 ,   -14.8
225.2854 ,-48.2925 ,    6.49 ,   -16.4
164.3758 ,-48.1789 ,    5.25 ,   -13.5
146.3533 ,-48.1414 ,   14.90 ,   -16.1
207.8417 ,-47.0000 ,    5.73 ,   -11.9
207.1933 ,-46.9969 ,    3.98 ,   -11.3
195.8900 ,-46.5842 ,    3.48 ,   -12.0
217.0154 ,-46.3017 ,    3.58 ,   -13.1
335.9292 ,-45.8822 ,    8.80 ,   -13.4
201.8671 ,-45.3525 ,    3.60 ,   -10.5
 53.9867 ,-45.1914 ,    7.98 ,   -13.4
200.4462 ,-45.0633 ,    3.98 ,   -12.2
220.8562 ,-44.7053 ,    5.88 ,   -14.8
 27.7763 ,-44.4447 ,    0.44 ,    -9.6
191.0896 ,-42.9397 ,    3.60 ,   -10.9
 74.2446 ,-42.8039 ,    7.20 ,   -14.9
206.2533 ,-41.8589 ,    3.40 ,   -14.0
  6.6387 ,-41.8556 ,    1.92 ,   -10.9
 99.8871 ,-40.7203 ,    7.65 ,   -13.7
196.2621 ,-40.0828 ,    5.78 ,   -12.9
 47.5438 ,-40.0031 ,    8.80 ,   -14.2
204.3546 ,-39.8978 ,    4.83 ,   -12.2
174.4725 ,-39.2206 ,    6.08 ,   -13.7
183.4567 ,-38.2314 ,    3.18 ,   -12.7
 17.0917 ,-38.2092 ,    8.20 ,   -13.4
207.1413 ,-37.9675 ,    5.75 ,   -11.5
357.3475 ,-37.7736 ,   11.50 ,   -15.6
353.7671 ,-37.2206 ,    7.80 ,   -12.9
160.8629 ,-37.0425 ,    7.10 ,   -14.0
136.5000 ,-36.0600 ,    7.93 ,   -13.9
191.1779 ,-35.9667 ,    5.32 ,   -13.2
181.2363 ,-35.7431 ,    4.88 ,   -12.2
  2.0554 ,-34.5783 ,    3.21 ,   -11.9
191.5017 ,-33.8381 ,    5.45 ,   -14.5
150.3900 , -6.5250 ,    9.70 ,   -14.0
148.7937 , -6.2700 ,    9.70 ,   -15.0
193.3817 , -5.9278 ,   10.40 ,   -13.2
194.7067 , -4.8886 ,    6.50 ,   -13.9
152.7533 , -4.6928 ,    1.32 ,   -13.9
105.1221 , -4.2083 ,    1.67 ,   -12.8
166.3958 , -1.8636 ,   10.70 ,   -13.9
166.5321 , -1.4486 ,   10.70 ,   -12.2
188.2833 , -0.5331 ,    8.11 ,   -13.2
145.1125 ,  0.0425 ,   10.00 ,   -13.1
166.1692 ,  0.0583 ,   10.70 ,   -12.8
155.4121 ,  0.9000 ,    6.78 ,   -11.9
 16.1992 ,  2.1333 ,    0.73 ,   -14.5
186.4221 ,  2.1589 ,   10.60 ,   -15.0
192.4458 ,  3.8422 ,    9.40 ,   -13.9
159.7421 ,  3.8742 ,   26.20 ,   -12.6
208.6400 ,  4.2431 ,    2.59 ,   -10.3
160.0446 ,  4.9089 ,   20.90 ,   -11.7
137.1525 ,  5.2922 ,    5.60 ,   -11.9
150.0004 ,  5.3322 ,    1.36 ,   -14.0
183.6467 ,  5.6772 ,    8.20 ,   -13.5
185.6604 ,  6.0144 ,    9.60 ,   -14.2
157.6846 ,  6.1272 ,    7.80 ,   -12.8
184.9754 ,  6.6658 ,    4.71 ,   -11.7
190.0433 ,  6.8469 ,    8.10 ,   -13.2
 89.4029 ,  7.4919 ,    5.50 ,   -12.9
117.5904 ,  7.7944 ,    6.00 ,   -11.0
187.5042 ,  7.9294 ,    5.20 ,   -13.8
 97.5375 ,  8.3769 ,    3.55 ,     0.0
187.1413 ,  8.6397 ,    4.60 ,   -13.5
183.9842 ,  9.6492 ,    9.40 ,   -13.3
114.0429 ,  9.9864 ,    6.10 ,   -11.2
191.5637 , 10.2033 ,    7.40 ,   -13.7
163.2529 , 10.3792 ,   10.40 ,   -11.9
108.4658 , 10.5219 ,    7.41 ,   -15.7
162.4046 , 11.3517 ,   10.40 ,   -12.2
158.7337 , 11.4922 ,   10.40 ,   -12.7
161.0325 , 11.5331 ,   10.40 ,   -11.7
166.1104 , 11.7550 ,   10.40 ,   -14.0
161.2400 , 11.9161 ,   10.40 ,   -12.8
194.1808 , 11.9311 ,    6.49 ,   -13.2
164.0583 , 12.0103 ,   10.40 ,   -13.3
160.9808 , 12.1353 ,   10.40 ,   -11.0
163.9879 , 12.3389 ,   10.40 ,   -11.8
159.9304 , 12.6344 ,   10.40 ,   -13.4
168.6875 , 12.6475 ,   11.00 ,   -13.6
159.9175 , 12.7350 ,   10.40 ,   -11.5
161.7221 , 12.7444 ,   10.40 ,   -11.3
161.7533 , 12.9597 ,   10.40 ,   -11.6
161.7388 , 12.9983 ,   10.40 ,   -12.7
169.2542 , 13.0997 ,   10.30 ,   -14.0
162.5379 , 13.4836 ,   10.40 ,   -11.1
178.6792 ,-33.5581 ,    5.22 ,   -12.3
217.5208 ,-33.4792 ,    9.00 ,   -11.7
204.2525 ,-33.3631 ,    4.37 ,   -11.1
143.1892 ,-33.2456 ,    8.30 ,   -13.8
173.2958 ,-32.9619 ,    6.70 ,   -13.1
351.6146 ,-32.3906 ,    2.18 ,   -12.9
  3.8808 ,-32.1800 ,    1.92 ,   -11.6
200.3850 ,-31.8864 ,    4.60 ,   -10.5
300.9892 ,-31.6817 ,    7.83 ,   -13.7
172.8967 ,-31.6722 ,    6.70 ,   -12.4
200.2842 ,-31.5297 ,    5.22 ,   -11.8
201.1500 ,-30.9722 ,    4.63 ,   -12.0
201.6850 ,-30.3625 ,    4.97 ,   -14.3
204.1283 ,-29.2364 ,    5.25 ,   -13.3
205.0754 ,-28.8944 ,    4.41 ,   -13.9
116.5687 ,-28.4697 ,    3.00 ,   -14.3
193.7233 ,-28.3408 ,    5.78 ,   -12.1
204.3342 ,-28.0461 ,    4.61 ,   -13.6
 67.4200 ,-27.4086 ,    9.10 ,   -15.5
151.0167 ,-27.3319 ,    1.32 ,    -9.8
197.4025 ,-27.1406 ,    7.80 ,   -14.7
150.9592 ,-26.6128 ,   15.30 ,   -15.5
 96.5708 ,-26.2656 ,    4.99 ,   -13.1
 99.4858 ,-25.9997 ,    4.23 ,   -14.5
144.8958 ,-25.1264 ,    6.15 ,   -13.7
125.2529 ,-23.7814 ,   17.30 ,   -15.7
139.2417 ,-23.2797 ,   10.30 ,   -14.7
137.4442 ,-23.0092 ,    9.80 ,   -15.1
  7.8438 ,-22.7658 ,    9.90 ,   -13.7
 10.7658 ,-22.2503 ,    4.92 ,   -13.6
120.3558 ,-21.9975 ,    6.34 ,   -12.8
 12.4554 ,-21.0161 ,    3.34 ,   -12.4
140.7912 ,-20.1675 ,    7.52 ,   -14.1
 12.6025 ,-19.9069 ,    3.42 ,   -11.3
194.9846 ,-19.4131 ,    6.90 ,   -12.9
 12.3379 ,-18.0744 ,    3.40 ,   -11.4
292.4958 ,-17.6781 ,    1.04 ,   -11.5
195.5600 ,-17.2375 ,    7.30 ,   -14.6
296.2404 ,-14.8031 ,    0.50 ,   -15.2
311.7158 ,-12.8481 ,    0.94 ,   -11.1
156.1179 ,-12.4325 ,    5.11 ,   -12.1
188.9142 ,-11.0672 ,   10.00 ,   -14.5
189.3088 ,-10.4975 ,    7.70 ,   -13.0
189.3996 , -8.8672 ,    9.10 ,   -13.6
 95.2283 , -8.6503 ,    8.50 ,   -16.3
150.4100 , -8.2489 ,    9.70 ,   -14.8
177.7208 , 38.8806 ,    2.64 ,   -13.5
  0.0938 , 39.4956 ,    8.47 ,   -13.3
205.6358 , 39.6583 ,    8.90 ,   -14.1
115.3575 , 40.1125 ,    6.85 ,   -15.0
 10.6254 , 40.5758 ,    6.31 ,   -12.1
204.9742 , 40.7392 ,    3.01 ,   -13.2
112.0717 , 40.7703 ,    5.73 ,   -13.9
  1.9333 , 40.8756 ,    9.60 ,   -14.8
190.9821 , 41.4569 ,    6.09 ,   -11.8
198.8800 , 41.5014 ,    8.90 ,   -11.1
198.2446 , 41.7867 ,    8.06 ,   -13.2
127.1188 , 41.8567 ,   10.28 ,   -15.0
198.4154 , 42.0442 ,    6.00 ,   -10.8
187.7875 , 42.0942 ,    5.80 ,   -11.1
187.2179 , 42.1778 ,    8.90 ,   -14.9
157.1375 , 42.6689 ,    7.55 ,   -12.0
 40.5450 , 43.3553 ,    9.30 ,   -15.7
184.8867 , 43.3864 ,    8.23 ,   -11.9
  7.2667 , 43.4317 ,    6.73 ,   -13.8
190.9892 , 43.6614 ,    4.31 ,   -10.9
176.7967 , 43.6719 ,    4.51 ,   -10.3
187.1871 , 43.9717 ,    4.07 ,   -13.9
107.3283 , 44.3800 ,    7.24 ,   -14.3
199.3313 , 44.3967 ,   10.00 ,   -12.5
204.1867 , 44.5992 ,    7.74 ,   -13.6
184.3688 , 44.8114 ,    9.20 ,   -14.5
189.9121 , 44.8208 ,    8.50 ,   -13.8
110.6854 , 45.1083 ,    8.55 ,   -14.1
198.6192 , 45.9194 ,    4.33 ,   -15.3
198.3450 , 46.3197 ,    4.19 ,   -12.7
197.0150 , 46.8281 ,    4.55 ,   -12.3
184.2921 , 47.0636 ,    7.80 ,   -11.0
192.8054 , 47.0708 ,    8.83 ,   -12.4
184.7879 , 47.0897 ,    7.24 ,   -13.6
114.3688 , 47.4092 ,   15.70 ,   -13.4
198.8779 , 47.4964 ,    4.41 ,   -13.8
101.9788 , 47.5139 ,   19.30 ,   -14.4
198.8338 , 47.5436 ,    4.20 ,   -10.2
180.7500 , 47.6542 ,    7.49 ,   -12.3
186.5667 , 48.4919 ,    5.68 ,   -13.7
173.3713 , 49.2381 ,    3.89 ,   -13.6
 99.6600 , 49.2583 ,   15.50 ,   -14.8
202.1300 , 49.6272 ,    8.02 ,   -12.3
160.3200 , 70.1508 ,    3.91 ,    -8.7
157.1654 , 70.2336 ,    4.00 ,   -12.0
255.1054 , 70.2900 ,   10.60 ,   -13.5
151.3775 , 70.3644 ,    8.71 ,   -15.6
141.6163 , 70.5067 ,    3.93 ,   -10.0
125.9833 , 71.0294 ,    3.55 ,   -11.5
155.3550 , 71.1161 ,    3.96 ,   -11.2
145.1346 , 71.1864 ,    3.84 ,   -14.5
144.8162 , 71.3117 ,    3.63 ,    -8.4
 56.2358 , 72.0644 ,    3.50 ,   -11.4
 66.3150 , 72.8058 ,    3.93 ,   -14.1
 89.9217 , 73.4275 ,    4.61 ,   -12.3
172.0025 , 78.9914 ,    4.35 ,   -14.1
101.9408 , 80.1239 ,    3.39 ,   -11.6
189.9938 , 13.7814 ,    8.20 ,   -13.4
159.9821 , 13.9078 ,   10.40 ,   -11.9
162.8808 , 14.1147 ,   10.40 ,   -12.2
164.7171 , 14.1294 ,   10.40 ,   -12.9
165.1883 , 14.1722 ,   10.40 ,   -11.6
194.6683 , 14.2175 ,    2.13 ,   -12.0
182.5071 , 14.3669 ,    7.70 ,   -14.2
119.2575 , 14.3908 ,    7.73 ,   -14.3
137.2229 , 14.5819 ,    9.55 ,   -12.6
352.1421 , 14.7467 ,    0.76 ,   -11.5
185.3663 , 15.0244 ,    9.40 ,   -13.1
  1.6433 , 15.5108 ,    5.40 ,   -10.0
161.0087 , 15.5889 ,   10.40 ,   -11.4
179.6683 , 15.5928 ,    6.27 ,   -11.0
 25.9225 , 15.6897 ,    7.87 ,   -13.5
185.5317 , 15.7992 ,    8.90 ,   -13.9
 24.9233 , 15.9031 ,    7.38 ,   -13.9
 25.0400 , 15.9047 ,    9.04 ,   -15.7
 59.2525 , 16.5244 ,    5.83 ,   -14.4
115.6300 , 16.5611 ,    8.02 ,   -14.3
143.7225 , 17.0514 ,    0.42 ,    -6.7
 50.0988 , 17.2950 ,    6.49 ,   -13.4
155.4379 , 18.0881 ,    2.00 ,    -9.4
193.9187 , 19.2092 ,    5.50 ,   -11.9
138.4125 , 19.6189 ,    4.43 ,   -11.0
142.5538 , 19.9917 ,    8.90 ,   -12.9
178.6863 , 20.0556 ,   16.40 ,   -15.3
135.7250 , 20.0753 ,    8.67 ,   -11.9
139.8725 , 21.6033 ,    9.08 ,   -12.7
142.6662 , 21.7236 ,    8.90 ,   -11.7
192.9421 , 21.7353 ,    5.50 ,   -12.0
 15.9792 , 21.8850 ,    0.65 ,    -9.3
187.0225 , 22.2908 ,    7.43 ,   -12.7
213.9854 , 23.0553 ,    2.20 ,   -12.4
177.2383 , 23.8378 ,   13.74 ,   -15.7
200.2700 , 24.1433 ,    7.20 ,   -12.2
204.8308 , 24.7758 ,    4.27 ,   -13.7
140.7375 , 24.9467 ,   10.40 ,   -12.5
184.5646 , 25.5683 ,   17.90 ,   -13.5
 45.1638 , 25.7822 ,    7.80 ,   -12.7
192.9350 , 26.1106 ,    9.20 ,   -13.5
193.6225 , 26.3050 ,   15.30 ,   -14.4
190.0071 , 26.3219 ,    9.20 ,   -11.6
 25.5700 , 26.3678 ,    7.20 ,   -13.1
 26.6733 , 26.8014 ,    7.20 ,   -11.4
186.4267 , 26.8100 ,   19.50 ,   -14.3
193.5217 , 27.1486 ,    4.04 ,   -14.0
 26.1779 , 27.2878 ,    7.20 ,   -12.1
 25.2829 , 27.3239 ,    6.52 ,   -11.5
179.6838 , 27.5850 ,    5.57 ,   -12.3
 28.8358 , 27.9542 ,    5.47 ,   -12.7
157.9825 , 28.0258 ,    9.20 ,   -13.1
185.4933 , 28.2428 ,    6.30 ,   -10.4
186.3663 , 28.4825 ,    6.15 ,   -12.5
192.0954 , 51.1647 ,    5.80 ,   -15.5
116.7350 , 51.2961 ,    6.98 ,   -12.9
 16.8854 , 51.4403 ,    4.27 ,   -12.3
203.6779 , 51.6139 ,    4.51 ,   -14.8
 23.7150 , 52.0917 ,    3.73 ,   -12.4
184.1192 , 52.2272 ,    4.21 ,   -12.3
183.9446 , 52.3875 ,    4.59 ,   -13.1
172.4750 , 52.4039 ,    9.00 ,   -13.1
190.9375 , 53.9589 ,    7.45 ,   -12.8
202.6850 , 54.9100 ,    2.69 ,   -13.1
177.5267 , 55.7833 ,    9.00 ,   -12.5
 36.1458 , 56.0117 ,    3.00 ,   -13.3
179.4758 , 56.6381 ,    7.03 ,   -12.2
213.7892 , 57.0875 ,    7.20 ,   -13.2
316.4708 , 57.2053 ,    5.90 ,   -15.4
 36.8625 , 57.4878 ,    3.00 ,   -13.0
312.1004 , 58.6183 ,    5.89 ,   -14.4
 43.9317 , 58.8617 ,    3.00 ,   -13.7
 43.5354 , 59.0053 ,    3.00 ,   -14.6
  5.1021 , 59.2917 ,    0.66 ,   -16.0
 38.8983 , 59.3797 ,    3.00 ,   -13.8
208.4233 , 60.0511 ,    8.00 ,   -13.1
307.6333 , 60.3536 ,    5.89 ,   -13.6
311.3367 , 60.4111 ,    5.89 ,   -14.8
307.5638 , 60.4403 ,    5.89 ,   -14.3
307.8858 , 60.8133 ,    5.89 ,   -14.1
176.7463 , 61.3350 ,    2.73 ,   -11.0
 68.0012 , 63.6139 ,    3.01 ,   -15.6
162.4021 , 65.5306 ,    7.45 ,   -14.3
183.5308 , 66.0922 ,    5.42 ,   -14.2
128.5271 , 66.1792 ,    3.56 ,   -13.4
 73.2788 , 67.0992 ,    3.34 ,   -11.9
235.4492 , 67.2542 ,    7.30 ,   -14.1
 56.3025 , 67.8639 ,    3.16 ,   -14.3
149.8879 , 68.6569 ,    3.60 ,   -10.1
150.1683 , 68.6603 ,    3.60 ,    -8.3
150.9250 , 68.6933 ,    3.82 ,   -11.4
149.3383 , 68.7153 ,    3.60 ,    -8.3
148.4521 , 68.9692 ,    4.02 ,    -9.6
 31.5329 , 69.0100 ,    3.30 ,   -16.7
149.3850 , 69.0431 ,    3.61 ,   -13.6
112.2275 , 69.2053 ,    3.19 ,   -16.1
149.3708 , 69.2722 ,    3.87 ,   -11.5
163.2379 , 69.5458 ,    3.70 ,   -10.8
129.2625 , 69.7753 ,    3.21 ,   -12.7
149.1904 , 28.8250 ,    9.80 ,   -15.3
 30.0413 , 28.8325 ,    4.90 ,   -11.5
145.0529 , 29.5914 ,   19.80 ,   -15.2
187.9942 , 29.7097 ,    8.10 ,   -14.3
183.4517 , 29.9589 ,    2.68 ,    -9.8
150.1521 , 30.5361 ,    7.10 ,   -11.3
149.8600 , 30.7464 ,    0.81 ,   -11.7
147.5817 , 31.4567 ,    7.10 ,   -11.7
147.5933 , 31.4875 ,    7.11 ,   -14.9
188.2208 , 31.5392 ,    4.85 ,   -15.0
159.1804 , 31.5467 ,   10.90 ,   -14.9
126.2708 , 32.0175 ,    8.15 ,   -13.0
146.2675 , 32.2383 ,    6.56 ,   -13.1
189.6667 , 32.7667 ,    3.61 ,   -11.8
190.4471 , 32.8578 ,    7.30 ,   -13.0
145.7492 , 33.2644 ,    8.30 ,   -13.4
 97.6217 , 33.3019 ,    7.01 ,   -14.3
184.4354 , 33.3453 ,    4.70 ,   -10.7
188.3537 , 33.3514 ,    6.90 ,   -13.0
 36.7200 , 33.4269 ,    9.30 ,   -12.7
189.2058 , 33.6133 ,   11.70 ,   -13.5
 45.7746 , 33.6944 ,    4.43 ,   -12.4
133.2113 , 33.7978 ,    7.70 ,   -12.2
185.7196 , 33.8286 ,    7.78 ,   -12.9
 36.8333 , 33.9583 ,    9.30 ,   -12.2
191.1046 , 34.3864 ,    9.10 ,   -13.9
185.4792 , 35.0514 ,    9.70 ,   -14.1
211.7946 , 35.0603 ,    2.14 ,    -9.2
187.1625 , 35.7181 ,    4.43 ,   -13.5
208.7029 , 35.8375 ,    3.08 ,   -12.2
 36.2508 , 36.0378 ,    9.30 ,   -14.4
164.1683 , 36.1411 ,    9.20 ,   -12.1
183.7413 , 36.2189 ,    2.86 ,   -11.5
164.4458 , 36.2608 ,    9.20 ,   -14.4
148.7108 , 36.3339 ,   15.40 ,   -13.1
191.7492 , 36.4764 ,    5.40 ,   -13.6
163.0229 , 36.4767 ,    9.20 ,   -12.0
163.0729 , 36.5933 ,    9.20 ,   -13.9
163.1700 , 36.6650 ,    9.20 ,   -14.1
186.7713 , 37.1425 ,    4.88 ,   -14.4
187.1188 , 37.2333 ,    6.89 ,   -14.3
185.4292 , 37.9872 ,    7.60 ,   -12.8
190.0087 , 38.0006 ,    8.50 ,   -12.2
207.7129 , 38.0211 ,    3.22 ,   -13.2
188.2808 , 38.1161 ,   10.00 ,   -11.6
190.5629 , 38.5019 ,    4.57 ,   -14.6
 38.2250 , 38.6806 ,    9.30 ,   -14.4
356.3917 , 38.7178 ,    2.45 ,   -10.8
189.3388 , 38.7453 ,    6.61 ,   -13.4
185.1808 , 46.2092 ,    6.50 ,     0.0
208.7108 , 54.6472 ,    7.41 ,     0.0
155.2508 , 68.7000 ,    3.70 ,     0.0
 36.1779 ,-73.5128 ,    4.10 ,   -12.3
340.4542 ,-64.4200 ,    0.88 ,    -9.2
100.4029 ,-50.9661 ,    0.10 ,    -9.0
194.0400 ,-50.1439 ,    4.29 ,   -12.7
203.4329 ,-48.1511 ,    3.47 ,   -16.6
207.0383 ,-47.5650 ,    3.66 ,   -10.9
206.5717 ,-45.6847 ,    3.84 ,   -10.9
205.5233 ,-45.2050 ,    3.58 ,   -11.9
198.2883 ,-44.8900 ,    3.82 ,   -13.7
205.8992 ,-43.7692 ,    3.63 ,   -10.2
198.2996 ,-43.2656 ,    3.60 ,   -14.1
201.3704 ,-43.0167 ,    3.75 ,   -20.8
200.5517 ,-42.7308 ,    3.94 ,   -10.1
205.4087 ,-42.5819 ,    3.93 ,   -10.3
348.7638 ,-42.5394 ,    8.32 ,    -8.3
200.5075 ,-42.5356 ,    3.87 ,   -12.9
198.1875 ,-41.8319 ,    4.21 ,   -10.9
197.8092 ,-38.9061 ,    3.60 ,   -10.9
206.5033 ,-36.3289 ,    3.60 ,   -10.6
 39.9779 ,-34.5258 ,    0.14 ,   -11.5
196.4333 , -7.7556 ,    5.00 ,   -11.9
151.3933 , -7.7492 ,    9.70 ,   -13.6
151.3083 , -7.7186 ,    9.68 ,   -20.8
153.2625 , -1.6144 ,    0.09 ,    -8.7
173.2375 , -0.5333 ,    0.16 ,    -4.2
166.4196 ,  0.1208 ,   10.70 ,   -14.2
172.7900 ,  2.2200 ,    0.18 ,    -3.8
214.8117 ,  3.1239 ,    8.00 ,   -11.7
344.6292 ,  5.9525 ,    0.18 ,    -4.4
163.0813 , 11.0433 ,   10.40 ,   -14.0
161.6250 , 11.7558 ,   10.40 ,   -11.2
164.5437 , 11.9992 ,   10.40 ,   -11.7
160.6442 , 12.1506 ,   10.40 ,   -11.7
152.1121 , 12.3081 ,    0.25 ,   -11.0
161.6729 , 12.3264 ,   10.40 ,   -13.2
162.6129 , 12.3608 ,   10.40 ,   -11.9
161.9567 , 12.5817 ,   11.12 ,   -20.1
162.0704 , 12.6292 ,   11.38 ,   -19.6
161.7283 , 12.7881 ,   10.40 ,   -12.4
247.7583 , 12.7917 ,    0.15 ,    -6.1
209.5000 , 12.8333 ,    0.04 ,    -1.9
162.8379 , 12.8492 ,   10.40 ,   -13.3
161.5600 , 12.9600 ,   10.40 ,   -11.5
170.6000 , 12.9794 ,   10.30 ,   -13.5
162.5796 , 13.2719 ,   11.07 ,   -14.8
162.7221 , 13.4122 ,   10.40 ,   -18.8
 15.0392 ,-33.7092 ,    0.09 ,    -9.8
200.7337 ,-33.5728 ,    4.60 ,   -11.0
340.1829 ,-30.7997 ,    2.00 ,   -10.3
283.7629 ,-30.4783 ,    0.02 ,   -12.7
206.6646 ,-29.9792 ,    4.60 ,   -11.0
204.1479 ,-29.5708 ,    4.68 ,   -14.2
  5.9654 ,-24.7050 ,    4.21 ,   -10.5
138.1221 ,-24.2411 ,    9.80 ,   -14.5
138.0771 ,-24.2111 ,    9.80 ,   -13.6
138.0808 ,-24.1717 ,    9.82 ,   -19.7
137.9263 ,-23.9822 ,    9.80 ,   -12.8
200.8746 ,-23.3931 ,    4.60 ,   -11.1
137.2954 ,-23.3678 ,    9.80 ,   -13.0
  3.8546 ,-21.4439 ,    5.30 ,   -15.7
 54.8783 ,-18.6881 ,   24.50 ,   -20.3
190.0371 ,-12.3647 ,    9.30 ,   -11.5
190.3288 ,-11.9275 ,    9.30 ,   -12.1
189.9792 ,-11.7467 ,    9.30 ,   -11.6
190.0129 ,-11.6678 ,    9.30 ,   -11.5
  6.5458 ,-11.0444 ,    0.78 ,   -10.2
189.6404 ,-10.4903 ,    9.30 ,   -12.3
149.9479 , -9.3433 ,    9.70 ,   -12.2
209.0421 , 40.3033 ,   10.00 ,   -12.5
 10.6754 , 40.8664 ,    0.49 ,   -14.8
154.5925 , 41.1658 ,   11.10 ,   -11.9
 10.0938 , 41.6864 ,    0.82 ,   -16.1
358.6988 , 42.4708 ,    0.86 ,    -9.3
 13.2200 , 43.2000 ,    0.79 ,    -8.1
  9.2792 , 44.3222 ,    0.74 ,    -7.0
 16.6404 , 44.8044 ,    0.63 ,    -7.9
  0.5604 , 45.0889 ,    1.36 ,    -9.1
  9.3629 , 45.3869 ,    0.83 ,    -7.3
 19.6250 , 46.3661 ,    0.60 ,    -7.0
185.2292 , 46.8292 ,    7.80 ,   -10.1
  7.5371 , 46.8519 ,    0.81 ,    -9.1
185.1692 , 47.0008 ,    7.80 ,   -12.0
184.9033 , 47.0925 ,    7.80 ,   -11.0
184.8908 , 47.4517 ,    7.80 ,   -12.5
185.1254 , 47.4903 ,    7.80 ,    -9.0
 17.5712 , 47.6281 ,    0.81 ,    -9.2
185.9425 , 47.6589 ,    7.80 ,   -11.1
184.7771 , 47.7308 ,    7.80 ,   -11.0
  5.9400 , 47.9161 ,    0.76 ,    -6.5
  9.7417 , 48.3361 ,    0.61 ,   -14.7
  8.2983 , 48.5078 ,    0.76 ,   -14.8
143.5154 , 70.2158 ,    3.66 ,    -9.6
148.8067 , 70.4081 ,    3.93 ,    -9.1
152.3954 , 70.5486 ,    9.00 ,   -12.4
146.1433 , 71.4825 ,    3.39 ,   -11.1
165.2171 , 13.8808 ,   10.40 ,   -13.2
161.1471 , 13.9397 ,   10.40 ,   -13.8
161.9267 , 13.9856 ,   10.91 ,   -19.1
161.6033 , 14.0250 ,   10.40 ,   -12.2
210.0000 , 14.5000 ,    0.07 ,    -5.5
163.0838 , 14.7072 ,   10.40 ,   -11.6
163.0200 , 15.0306 ,   10.40 ,   -13.1
194.1042 , 15.0858 ,    6.00 ,   -12.1
151.7633 , 16.0736 ,    0.02 ,    -0.7
196.1246 , 17.7589 ,    4.40 ,   -11.0
320.3792 , 19.1172 ,    0.02 ,    -0.6
 34.8167 , 20.1753 ,    0.03 ,    -2.3
170.7646 , 21.3269 ,   10.00 ,   -11.7
143.2038 , 21.4650 ,    8.90 ,   -13.5
195.6746 , 21.9975 ,    4.40 ,   -11.0
168.3717 , 22.1547 ,    0.21 ,    -9.1
186.7458 , 23.9042 ,    0.04 ,    -3.2
357.9433 , 24.5861 ,    0.82 ,   -10.7
209.2808 , 26.7750 ,    0.05 ,    -5.9
 21.9167 , 28.0903 ,    0.79 ,    -6.0
162.9963 , 28.3625 ,   10.00 ,   -12.7
184.6225 , 28.6458 ,    9.00 ,   -13.4
203.1508 , 49.8303 ,    8.00 ,   -12.9
351.6325 , 50.6756 ,    0.79 ,   -11.7
162.3375 , 51.0500 ,    0.04 ,    -1.9
158.7200 , 51.9200 ,    0.10 ,    -4.8
209.3108 , 54.1008 ,    8.32 ,   -13.9
243.4483 , 54.3711 ,    1.86 ,    -9.4
179.3983 , 55.4586 ,   10.30 ,   -16.7
260.0058 , 57.9094 ,    0.08 ,    -8.7
 39.1479 , 59.6550 ,    3.01 ,   -19.0
132.8750 , 63.1300 ,    0.03 ,    -3.1
150.0667 , 63.1850 ,    3.91 ,   -10.2
158.6329 , 66.0117 ,    3.85 ,   -11.1
151.2804 , 66.5550 ,    3.50 ,   -12.1
113.5471 , 66.8861 ,    3.19 ,   -12.1
151.6925 , 67.2011 ,    3.87 ,    -8.6
227.2971 , 67.2144 ,    0.06 ,    -7.1
146.2083 , 67.4756 ,    3.77 ,   -12.6
147.5417 , 67.5067 ,    3.48 ,   -12.0
156.6163 , 67.6567 ,    3.72 ,   -11.5
151.7579 , 67.8275 ,    3.70 ,   -12.6
151.1679 , 68.2556 ,    3.78 ,   -10.6
152.0246 , 68.3992 ,    3.75 ,   -11.6
149.2612 , 68.5917 ,    3.60 ,   -12.9
153.7325 , 68.7575 ,    4.57 ,    -8.3
146.2917 , 68.7650 ,    3.40 ,   -10.5
153.7788 , 69.0375 ,    4.07 ,    -7.8
146.0938 , 69.2111 ,    3.98 ,    -7.4
 12.8958 , 29.6969 ,    0.73 ,    -7.7
184.9112 , 29.8833 ,   16.67 ,   -16.0
185.4871 , 30.0742 ,   14.00 ,   -16.7
182.6400 , 30.4017 ,   13.74 ,   -18.3
359.7317 , 30.7556 ,    0.73 ,    -7.5
338.1717 , 31.2161 ,    0.65 ,    -7.7
192.2196 , 31.9703 ,    5.40 ,   -11.2
 14.8742 , 32.3767 ,    0.52 ,    -8.2
190.8525 , 32.4822 ,    7.30 ,   -12.0
190.9358 , 32.5344 ,    7.30 ,   -10.4
190.4988 , 32.5736 ,    7.30 ,   -16.4
 33.2325 , 32.8142 ,    4.19 ,   -11.5
 12.6767 , 32.9164 ,    0.63 ,    -8.1
 12.9625 , 33.0044 ,    0.84 ,    -6.8
 19.1242 , 33.4192 ,    0.65 ,    -9.2
202.0146 , 33.5558 ,    0.22 ,    -7.9
133.8417 , 33.5592 ,    7.70 ,   -11.9
 11.5833 , 33.8014 ,    0.73 ,    -6.2
194.2917 , 34.3208 ,    0.16 ,    -4.1
 11.8625 , 34.3747 ,    0.83 ,    -6.4
  4.8838 , 35.0436 ,    0.93 ,    -8.3
  1.8779 , 35.1322 ,    0.80 ,    -5.8
192.3054 , 35.6125 ,    4.74 ,   -10.8
 17.3621 , 35.7175 ,    3.05 ,   -16.5
  8.8908 , 36.4978 ,    0.75 ,    -9.3
 11.4167 , 38.0372 ,    0.73 ,   -10.7
 18.5779 , 38.1175 ,    0.76 ,    -8.7
 22.3408 , 38.7189 ,    0.73 ,    -9.5
  9.1454 , 49.6467 ,    0.68 ,     0.0
