#
#dSph	N^a		log(L_V/L_sun)	[Fe/H]	sigma	Median	m.a.d.^d	IQR^e	Skewness	Kurtosis^f	
#
Fornax		675	7.3  0.1	-0.99	0.01	0.36 (0.31)	-1.01	0.19	0.37	-1.33 +or- 0.09	 3.58 +or- 0.19	
LeoI		827	6.7  0.1	-1.43	0.01	0.33 (0.29)	-1.42	0.18	0.37	-1.47 +or- 0.09	 4.99 +or- 0.17	
Sculptor	376	6.4  0.2	-1.68   0.01	0.48 (0.46)	-1.67	0.37	0.75	-0.67 +or- 0.13	 0.25 +or- 0.25	
LeoII		258	5.8  0.1	-1.62   0.01	0.42 (0.37)	-1.59	0.23	0.51	-1.11 +or- 0.15	 1.10 +or- 0.30	
Sextans		141	5.6  0.1	-1.93   0.01	0.48 (0.39)	-2.00	0.29	0.57	-0.10 +or- 0.20	 0.47 +or- 0.41	
Draco		298	5.4  0.1	-1.93   0.01	0.47 (0.36)	-1.93	0.26	0.51	-0.51 +or- 0.14	 0.73 +or- 0.28	
CanesVenaticiI	174	5.4  0.1	-1.98   0.01	0.55 (0.44)	-1.98	0.36	0.71	-0.26 +or- 0.18	 0.23 +or- 0.37	
UrsaMinor	212	5.3  0.1	-2.13   0.01	0.47 (0.34)	-2.13	0.25	0.50	-0.03 +or- 0.17	 1.34 +or- 0.33	
LeoT		18	5.1  0.3	-1.99   0.05	0.52 (0.43)	-1.92	0.31	0.79	-0.53 +or- 0.54	-1.38 +or- 1.04	
Hercules	21	4.6  0.1	-2.41   0.04	0.64 (0.56)	-2.62	0.46	0.96	 0.51 +or- 0.50	-0.94 +or- 0.97	
UrsaMajorI	28	4.1  0.1	-2.18   0.04	0.64 (0.59)	-2.62	0.30	0.60	 0.61 +or- 0.44	-0.62 +or- 0.86	
LeoIV		12	3.9  0.2	-2.54   0.07	0.70 (0.63)	-2.35	0.58	0.86	 0.61 +or- 0.64	-0.74 +or- 1.23	
CanesVenaticiII	15	3.9  0.2	-2.21   0.05	0.71 (0.64)	-2.68	0.34	0.62	 0.43 +or- 0.58	-0.37 +or- 1.12	
UrsaMajorII	9	3.6  0.2	-2.47   0.06	0.57 (0.52)	-2.41	0.41	0.92	 0.62 +or- 0.72	-0.69 +or- 1.40	
ComaBerenices	18	3.6  0.2	-2.60   0.05	0.40 (0.26)	-2.70	0.29	0.56	-0.20 +or- 0.54	-1.02 +or- 1.04	
